U_B1 / V	U_A1 / V
1,03	0,32
1,06	0,32
1,10	0,33
1,13	0,33
1,16	0,34
1,19	0,34
1,22	0,34
1,25	0,34
1,27	0,35
1,30	0,35
1,33	0,36
1,35	0,37
1,38	0,38
1,41	0,40
1,44	0,41
1,46	0,43
1,49	0,46
1,51	0,48
1,54	0,52
1,57	0,56
1,59	0,61
1,62	0,65
1,64	0,70
1,66	0,75
1,69	0,81
1,71	0,86
1,74	0,91
1,76	0,96
1,79	1,01
1,81	1,05
1,84	1,10
1,87	1,15
1,89	1,19
1,92	1,24
1,95	1,28
1,97	1,33
2,00	1,37
2,02	1,41
2,05	1,45
2,07	1,48
2,09	1,51
2,11	1,54
2,14	1,57
2,16	1,59
2,18	1,61
2,21	1,61
2,23	1,63
2,26	1,63
2,28	1,64
2,30	1,63
2,33	1,63
2,35	1,62
2,38	1,60
2,40	1,58
2,43	1,56
2,45	1,53
2,48	1,50
2,50	1,47
2,53	1,43
2,55	1,40
2,58	1,35
2,60	1,30
2,63	1,26
2,66	1,21
2,69	1,16
2,71	1,11
2,74	1,05
2,77	1,00
2,79	0,95
2,82	0,89
2,84	0,84
2,87	0,78
2,89	0,73
2,92	0,67
2,94	0,62
2,97	0,57
2,99	0,52
3,02	0,48
3,04	0,44
3,07	0,40
3,09	0,37
3,12	0,34
3,14	0,32
3,17	0,31
3,20	0,30
3,22	0,30
3,25	0,31
3,28	0,33
3,30	0,35
3,33	0,39
3,35	0,43
3,38	0,47
3,40	0,51
3,42	0,57
3,45	0,62
3,47	0,68
3,50	0,75
3,52	0,82
3,54	0,89
3,56	0,96
3,58	1,04
3,60	1,11
3,62	1,20
3,64	1,28
3,66	1,36
3,68	1,45
3,70	1,54
3,72	1,62
3,74	1,71
3,77	1,80
3,79	1,90
3,81	1,99
3,83	2,08
3,85	2,18
3,87	2,28
3,89	2,37
3,91	2,47
3,94	2,56
3,96	2,65
3,98	2,75
4,00	2,84
4,02	2,92
4,04	3,00
4,06	3,08
4,08	3,16
4,09	3,23
4,11	3,30
4,14	3,37
4,15	3,43
4,17	3,48
4,19	3,53
4,22	3,58
4,24	3,62
4,26	3,65
4,28	3,68
4,31	3,70
4,33	3,72
4,35	3,73
4,37	3,74
4,39	3,74
4,41	3,73
4,43	3,72
4,46	3,70
4,48	3,68
4,49	3,65
4,51	3,62
4,53	3,58
4,55	3,54
4,57	3,49
4,60	3,45
4,62	3,39
4,64	3,34
4,66	3,28
4,68	3,21
4,70	3,15
4,73	3,08
4,75	3,01
4,77	2,94
4,79	2,87
4,80	2,80
4,82	2,73
4,83	2,65
4,85	2,58
4,86	2,52
4,87	2,45
4,89	2,39
4,90	2,33
4,92	2,28
4,93	2,23
4,95	2,20
4,96	2,16
4,98	2,12
4,99	2,09
5,01	2,06
5,03	2,03
5,05	2,01
5,07	1,99
5,08	1,97
5,10	1,95
5,12	1,94
5,14	1,94
5,15	1,93
5,17	1,93
5,19	1,94
5,21	1,95
5,22	1,96
5,24	1,98
5,26	2,00
5,28	2,03
5,30	2,06
5,31	2,09
5,33	2,13
5,35	2,17
5,37	2,22
5,39	2,27
5,41	2,33
5,43	2,39
5,44	2,46
5,46	2,52
5,48	2,60
5,50	2,68
5,51	2,77
5,53	2,86
5,55	2,95
5,57	3,05
5,59	3,15
5,61	3,26
5,62	3,38
5,64	3,50
5,66	3,62
5,67	3,73
5,69	3,86
5,71	3,99
5,72	4,12
5,74	4,25
5,75	4,38
5,77	4,52
5,78	4,65
5,79	4,78
5,81	4,91
5,83	5,04
5,84	5,17
5,86	5,31
5,88	5,44
5,90	5,58
5,92	5,71
5,93	5,85
5,96	6,00
5,98	6,14
6,00	6,28
6,03	6,42
6,05	6,57
6,08	6,72
6,10	6,86
6,12	7,00
6,14	7,15
6,17	7,29
6,19	7,42
6,21	7,55
6,23	7,68
6,25	7,80
6,26	7,91
6,28	8,02
6,30	8,13
6,32	8,23
6,34	8,32
6,36	8,41
6,38	8,50
6,41	8,58
6,43	8,65
6,45	8,71
6,47	8,78
6,50	8,84
6,52	8,88
6,54	8,93
6,56	8,96
6,59	8,99
6,61	9,01
6,63	9,03
6,66	9,04
6,68	9,05
6,70	9,04
6,72	9,04
6,74	9,03
6,75	9,02
6,77	9,00
6,79	8,98
6,81	8,97
6,83	8,95
6,84	8,92
6,86	8,89
6,88	8,87
6,89	8,84
6,91	8,80
6,93	8,77
6,95	8,74
6,97	8,71
6,99	8,68
7,01	8,65
7,03	8,63
7,06	8,60
7,08	8,57
7,10	8,54
7,12	8,52
7,15	8,49
7,17	8,47
7,19	8,45
7,22	8,43
7,24	8,41
7,26	8,38
7,28	8,36
7,31	8,35
7,33	8,33
7,35	8,31
7,37	8,29
7,39	8,28
7,41	8,26
7,42	8,24
7,44	8,23
7,45	8,22
7,47	8,21
7,48	8,20
7,49	8,19
7,51	8,18
7,53	8,17
7,54	8,16
7,55	8,15
7,57	8,14
7,58	8,13
7,60	8,12
7,61	8,12
7,63	8,12
7,65	8,12
7,66	8,12
7,68	8,12
7,69	8,13
7,71	8,13
7,72	8,13
7,74	8,14
7,75	8,15
7,77	8,15
7,78	8,15
7,79	8,16
7,81	8,16
7,82	8,17
7,83	8,17
7,84	8,18
7,85	8,18
7,86	8,18
7,87	8,19
7,88	8,19
7,89	8,19
7,89	8,19
7,90	8,19
7,91	8,19
7,92	8,19
7,93	8,19
7,94	8,19
7,95	8,20
7,96	8,20
7,96	8,20
7,97	8,20
7,99	8,21
8,00	8,21
8,01	8,22
8,02	8,23
8,03	8,23
8,04	8,24
8,05	8,24
8,06	8,25
8,07	8,25
8,08	8,26
8,09	8,26
8,10	8,27
8,11	8,28
8,12	8,28
8,13	8,28
8,14	8,29
8,15	8,29
8,15	8,30
8,16	8,30
8,17	8,31
8,17	8,30
8,18	8,30
8,18	8,30
8,19	8,30
8,19	8,30
8,20	8,30
8,20	8,30
8,21	8,29
8,21	8,29
8,22	8,29
8,23	8,29
8,23	8,29
8,24	8,29
8,25	8,29
8,25	8,29
8,26	8,29
8,27	8,29
8,28	8,29
8,29	8,30
8,30	8,30
8,31	8,31
8,32	8,31
8,33	8,32
8,34	8,32
8,35	8,33
8,36	8,33
8,37	8,33
8,37	8,34
8,38	8,34
8,39	8,34
8,39	8,34
8,40	8,34
8,41	8,34
8,41	8,34
8,42	8,34
8,43	8,34
8,44	8,35
8,44	8,34
8,45	8,35
8,46	8,35
8,47	8,35
8,48	8,36
8,49	8,36
8,50	8,36
8,52	8,37
8,53	8,37
8,54	8,38
8,55	8,38
8,56	8,38
8,56	8,39
8,57	8,39
8,58	8,39
8,59	8,39
8,60	8,40
8,60	8,40
8,61	8,39
8,62	8,39
8,62	8,39
8,63	8,39
8,63	8,38
8,64	8,38
8,64	8,38
8,65	8,38
8,65	8,37
8,66	8,36
8,66	8,36
8,67	8,35
8,67	8,35
8,67	8,34
8,68	8,33
8,68	8,33
8,68	8,32
8,68	8,31
8,68	8,30
8,69	8,30
8,69	8,29
8,69	8,28
8,69	8,28
8,70	8,27
8,70	8,27
8,70	8,26
8,71	8,25
8,71	8,25
8,71	8,24
8,72	8,24
8,72	8,23
8,72	8,23
8,72	8,22
8,72	8,22
8,73	8,21
8,73	8,21
8,73	8,20
8,73	8,19
8,73	8,19
8,74	8,18
8,74	8,18
8,74	8,17
8,74	8,17
8,75	8,17
8,75	8,17
8,76	8,16
8,76	8,16
8,76	8,15
8,77	8,15
8,77	8,15
8,77	8,14
8,77	8,14
8,77	8,14
8,78	8,13
8,78	8,13
8,78	8,13
8,78	8,12
8,78	8,12
8,78	8,12
8,79	8,11
8,79	8,10
8,76	7,20
8,67	0,99
8,68	-3,54
8,66	-5,01
8,67	-5,79
8,67	-6,31
8,68	-6,65
8,68	-6,86
8,68	-6,98
8,69	-7,03
8,68	-7,03
8,68	-6,98
8,69	-6,90
8,69	-6,79
8,69	-6,66
8,68	-6,52
8,69	-6,38
8,69	-6,22
8,69	-6,07
8,68	-5,91
8,68	-5,75
8,68	-5,60
8,68	-5,44
